1184704626952511538
1140524090642419762
871770313564753950
1172247448303968288
1135432770550759455
1135451188347805727
1192752857515036702
1196462515534700599
1131256057914728450
1191399940014997584
983787597627273267
1172768480735531012
1130505804009721886
1188775638161694763
904317141866647592
1162901914506240050
798958462411079740
1191509476327575654
1201902174947512380
957901613463380008
1050068181504499732
1093037266382880869
1183422923344720023
1077984130937126912
1193414624264081498
1163839531880038460
1201178232431583302
1165224266778812467
1124573115394048092
1204653965724225567
1190955072998350878
1191354889373224980
1097475016880304180
1081541956557099208
1152251451389775872
1211297752143630379
1077612784063369299
972380966628773948
1013992803245756487
1145723968049909891
1183054195142709289
1196055905045856297
1174717271768301650
928711702596423740
1114058940095942698
1200497544552259621
1208080793357000714
1095900069095555133
1196841757283991553
622765592629215233
